$ANSIBLE_VAULT;1.1;AES256
65646436323337366561386136346237653339313761323532306562663066616430326566636339
6234643034643731613931623562323935643764376339310a633234333635343630656638306232
37306136393364356533656463636361343063393464616164383261343838643034646264633539
3037396139663866620a303163333561366662656466336261366235336133336336353136656534
65306535386236333330363761373863663333356363366231396333376639333138633833356234
62313339333036333230383539376561343937363462336638326462633834373133373436323338
34373264653565323834323338333833363161373437666562323030623737643431316363643037
35363862346365643838383839333539383439303830636331623338366637636663626336383532
35356338376466383461333763346130306634313534663831393234396135643639633862653430
65343835343938656335663236356132303966343063663161363862326364663333653834663738
34313031613237643632636131306565333938633562663134646463373734643330663530336637
30373463353562373335636436376537393336633035366432636465326131636239336265653163
32323339386134346338653963306638323166663039356137376135333030366235663537306439
30623132356164343939356430386661336236376261343535383632373961373737323435313130
65316663633063363661396432616331313263613831393236646138666164643065383761363362
37626361313231386337386635643134313839336433633665633539626465343331626366653863
30623531363664636634636264376331313565386437623862323133623466343338313561343631
39326439386666383263363033383032613930363036306131373163373037323535333731363266
39613735396662313563343030323762396536303633623563313065643866666661396639643537
33653162343235643738633130616138613734313835313035353664353837653534383237356330
63653739306239613435613262633665316334623764313365366463366232623965613732316439
31356161306630666363346266633163313837303565393737633939643035626530376536396638
35303664376666336338396638386134313934373461653937626135396638346639313866316338
62303637663537326262646661633738663832353939323661616466323264303763353561373862
32363466323233333730363439376163366434646661666533363961633335353938623234313339
37343737366664383662393631393835393661393061306137363235666236656264656534373835
35303336323635646635343338386538616233623762393230646566386438623164323035393365
35343630303432363332343762363261393630656263303332663337663262646138316461316133
36626366366434303734656161646238326566303634366166613162323963663335613962303137
62313231323665333864393566646639616661313261313830633963656634386133393134323130
30616366666130636433363734353030643832323664333536653431323436663334373464623231
62356134646566366164653636653935383262663136373865613031616537663138633962623235
37356630313737646661383063656132343931313531623334623465363437363961363366326561
32653661353439656339663864666335346637396633393764396632396566646239313039303563
36666138633633323531393633386235306531363364643361623762613334343730623334313063
36356462323634373733636262303832613731376364346162303131663531663465666162303435
37383562383266333031363863303036343566386661663839383164346134666339373237386433
30393132323462376662306430306261333966353335626637656638623062386163323666663838
62633961393639623230333138613161363235633462636466316231666332643464393537343031
66356138623065396337623362313936653363386262366166346239386637313031356432663465
64366238303234323032356539366363616636396630623466363035663963336538633433643531
32363637393738303539363637323137663339316663373936323365336166613330363938663933
39613432353963656134663936336433313738313334303436326633623235313964666439643963
32646236396363383461323537363664333135623733343636343033363737643931656536643463
65656630346362363533306165376337626465303966346531333833346333653661633963616264
35663335343136346361363163656166626131346336393131313664396530353331343331623038
38316635666161653664666263393563333265323932396437633633666238616337306531383865
31643231303963623839623834633264643465383465373966303061333064646437363937333334
30616565636435343139306139396535343834393734613363393639643234396634313833366631
62633139633161636662353733363337643134336332653666633834333338646332613261613432
63313536343337373061626538363365323233633637663366626636373831393430616332306434
33386535316562386434346166643334623563626238343437373866313036373730613032613834
35396635613333343361373264633837633739663863343565343537343461616563323161363539
38633361316534393530626130343238383639613738626237323965316532376631386566323333
30373561613166633837363738376238313034656366333138303664376231656163323662333630
36353434366433373764613464643662316266323130396162663430346261393332356662316135
61323436656662336436323734343631383662613234313830636461336261613333663434646233
61396432326663363563316230616365336166616230636534633530613731613065356561326333
39313037316662373461323062653032306165613030366332656437343561336233383665316239
33666264373764353666633636373037383766653238353534613737393863303464316565313863
35393431353834633961313262366535666261326131326431376331653332303933633038336331
35626436613939646137326431373166646663393931303164656130656261363938313434656261
39393538626533333333383733626362393537343163323931653230383531356539316433656463
38623034383631336664643339633431636639393062626366636637393638613161353832653261
37303331373332346232326162353838323939393636623439626635313635376234366463393630
63663438663861386131653032383436353064376261306261623965613462323534396333326239
34616536336438396336633335356235633431646332303863383163393038346163353236373231
37303931666465353732613564356239323438666365396337643834376564366432666566323530
39363566346533373236376333613836663061333266376130663564613733643365643633663066
63313961366565333338623137656231316532613434316363383433316137613239366463356137
33303435373261663934663437353536656433393234623237663366633132633835643933316465
30316662383634633631336337373566666137366664633035376663333732363031623466333966
33353836343666316534663533643430373237663436626531383133326663363264613261386131
33643130623734613231366537633930653431653239653538663165366262373439316563386536
36666636643264333235636461303639366330393632356231656662363131353962383633653432
63643136633535303934613734393831666430653735396335383132316431383662343732323865
37316535656662643965633830383165333464396263663935343339363831333230363431623563
37653465383138373764653364616539386564613536326435653935656661643961343834353361
39373661626436393165373738613630633634333533326566306163626432653037323862333833
64343263616130373135323239623430313637653436313835626564366536323139373936333665
35633536313433383565626237383463363435643634333664343233353532336535333964363464
30623831313565643062666433633962323532616463303465396265373362633139353662333538
66316466376566346130383963613730346138653836663733373766383839346631663066633666
65353965396431373334376633356634323461663163376565303463383062393639363161393965
31336264396563306466653236346435633165656361666537323966383736343539636633303562
36353266366161363365306564323163303437633261313162623865303063373565346165303466
32386439613737386661613533363563356562646566373163393062643761363733663430623830
30366666623766633034
